/*--------------------------------*- C++ -*----------------------------------*\
  =========                 |
  \\      /  F ield         | OpenFOAM: The Open Source CFD Toolbox
   \\    /   O peration     | Website:  https://openfoam.org
    \\  /    A nd           | Version:  9
     \\/     M anipulation  |
\*---------------------------------------------------------------------------*/
FoamFile
{
    format      ascii;
    class       pointSet;
    location    "constant/polyMesh/sets";
    object      nonManifoldPoints;
}
// * * * * * * * * * * * * * * * * * * * * * * * * * * * * * * * * * * * * * //


644
(
35840 
22528 
35841 
35842 
35843 
35844 
35845 
35846 
35847 
2055 
35848 
2056 
35849 
2057 
35850 
2058 
35851 
2059 
35852 
2060 
35853 
2061 
2062 
2063 
2064 
2065 
2066 
2067 
2068 
2069 
2070 
2071 
2072 
2073 
2074 
2075 
2076 
2077 
2078 
2079 
2080 
2081 
2082 
2083 
2084 
2085 
2086 
2087 
2088 
2089 
2090 
2091 
2092 
2093 
2094 
2095 
2096 
2097 
2098 
2099 
1102 
15459 
15460 
15461 
15462 
15463 
15464 
15465 
15466 
15467 
15468 
1132 
15469 
1133 
1134 
15470 
1135 
15471 
1136 
15472 
15473 
1137 
1138 
15474 
1139 
15475 
15476 
15477 
15478 
15479 
15480 
15481 
15482 
15483 
15484 
15485 
15486 
15487 
15488 
15489 
13442 
15490 
13443 
15491 
13444 
15492 
13445 
15493 
13446 
15494 
13447 
15495 
13448 
15496 
13449 
15497 
13450 
15498 
13451 
15499 
13452 
15500 
13453 
15501 
13454 
15502 
13455 
15503 
13456 
15504 
13457 
1169 
15505 
13458 
1170 
15506 
13459 
1171 
15507 
13460 
15508 
1172 
13461 
15509 
1173 
13462 
15510 
1174 
13463 
15511 
1175 
13464 
15512 
1177 
13465 
15513 
1178 
13466 
15514 
1179 
13467 
15515 
13468 
1180 
15516 
13469 
1181 
15517 
13470 
15518 
13471 
15519 
13472 
15520 
13473 
15521 
13474 
13475 
13476 
13477 
13478 
13479 
13480 
13481 
13482 
13483 
13484 
13485 
13486 
1241 
1242 
1243 
1244 
1245 
1276 
1277 
1278 
1279 
1280 
1281 
1282 
1313 
1314 
1315 
1316 
1317 
1318 
1319 
21807 
21808 
21809 
21810 
21811 
21812 
21813 
21814 
21815 
21816 
21817 
21818 
21819 
21820 
21821 
21822 
21823 
21824 
21825 
21826 
21827 
21828 
21829 
21830 
21831 
21832 
21833 
1390 
1420 
1421 
1422 
1423 
1424 
1425 
1426 
1427 
1457 
1458 
1459 
1460 
1461 
1462 
1463 
8631 
8632 
1465 
8633 
1466 
8634 
1467 
8635 
1468 
8636 
1469 
8637 
8638 
8639 
8640 
8641 
450 
8642 
8643 
8644 
8645 
8646 
8647 
8648 
8649 
8650 
8651 
8652 
8653 
19917 
8654 
19918 
19919 
8655 
19920 
8656 
19921 
8657 
19922 
8658 
19923 
8659 
8660 
19924 
19925 
8661 
19926 
8662 
19927 
8663 
19928 
8664 
19929 
8665 
19930 
8666 
8667 
19931 
19932 
8668 
19933 
8669 
19934 
8670 
19935 
8671 
19936 
480 
8672 
19937 
481 
8673 
482 
8674 
19938 
19939 
483 
8675 
19940 
484 
19941 
19942 
19943 
19944 
19945 
19946 
19947 
19948 
19949 
19950 
19951 
19952 
19953 
19954 
19955 
19956 
19957 
19958 
19959 
19960 
1529 
19961 
1530 
19962 
1531 
19963 
1532 
19964 
1533 
19965 
19966 
19967 
19968 
19969 
19970 
19971 
19972 
19973 
19974 
19975 
19976 
520 
19977 
19978 
19979 
550 
551 
552 
553 
554 
656 
1695 
1696 
1697 
1698 
1699 
1700 
1701 
1702 
1703 
1704 
1705 
1706 
1707 
1708 
1709 
686 
1710 
687 
1711 
688 
1712 
689 
1713 
690 
1714 
1715 
1716 
1717 
1718 
1719 
1720 
1721 
1722 
1723 
1724 
1725 
1726 
1727 
1728 
1729 
1730 
1731 
1732 
1733 
1734 
1735 
1736 
1737 
1738 
1739 
1740 
1741 
1742 
1743 
1744 
1745 
1746 
1747 
1748 
1758 
1759 
1760 
1761 
1762 
1763 
1764 
1765 
1766 
1767 
1768 
1769 
1770 
1771 
1772 
1773 
1774 
1775 
1776 
1777 
1778 
1779 
1780 
1781 
1782 
1783 
1784 
11001 
11002 
11003 
11004 
11005 
11006 
11007 
11008 
11009 
11010 
11011 
11012 
11013 
11014 
11015 
11016 
11017 
11018 
11019 
11020 
11021 
11022 
11023 
11024 
11025 
11026 
786 
11027 
11028 
11029 
11030 
11031 
11032 
11033 
11034 
11035 
11036 
11037 
11038 
11039 
11040 
11041 
11042 
11043 
11044 
11045 
11046 
11047 
11048 
11049 
11050 
11051 
11052 
11053 
11054 
11055 
11056 
816 
11057 
817 
11058 
818 
11059 
819 
11060 
820 
11061 
11062 
11063 
35791 
35792 
35793 
35794 
35795 
35796 
22484 
35797 
22485 
35798 
22486 
982 
35799 
22487 
983 
35800 
22488 
984 
35801 
22489 
985 
35802 
22490 
986 
35803 
22491 
987 
35804 
22492 
988 
35805 
22493 
35806 
22494 
990 
35807 
22495 
991 
35808 
22496 
992 
35809 
22497 
993 
35810 
22498 
994 
35811 
22499 
995 
35812 
22500 
996 
35813 
22501 
35814 
22502 
35815 
22503 
35816 
22504 
35817 
22505 
35818 
22506 
35819 
22507 
35820 
22508 
35821 
22509 
35822 
22510 
35823 
22511 
35824 
22512 
35825 
22513 
35826 
22514 
35827 
22515 
35828 
22516 
35829 
22517 
35830 
22518 
35831 
22519 
35832 
22520 
35833 
22521 
35834 
22522 
35835 
22523 
35836 
22524 
35837 
22525 
35838 
22526 
35839 
22527 
)

// ************************************************************************* //
